1000 1000
5 99
6 47
2 62
6 3
10 88
8 81
2 14
5 87
9 29
5 8
7 28
6 36
2 16
7 32
1 94
9 23
8 41
8 77
4 56
7 88
6 38
2 8
4 92
9 55
9 63
2 69
4 35
8 96
4 51
2 3
6 70
5 4
8 97
4 55
3 22
4 49
3 100
4 6
5 72
3 79
4 7
4 2
9 5
10 25
2 46
5 25
8 55
9 4
5 23
3 34
8 2
9 77
5 90
3 94
3 84
4 9
1 61
3 20
8 18
8 96
1 41
7 57
2 64
10 3
8 95
4 13
6 45
10 85
9 7
5 4
6 33
4 91
2 77
2 42
2 57
10 72
8 63
1 35
9 55
6 78
6 9
5 72
3 3
3 87
4 41
10 48
5 91
4 29
2 95
5 36
5 75
8 46
2 29
7 76
10 18
8 32
2 12
9 100
1 31
8 22
9 34
6 79
4 1
1 26
1 38
5 15
1 28
6 37
3 39
2 7
10 14
3 30
9 9
10 95
9 19
3 59
1 11
3 96
4 9
9 42
2 87
3 2
5 76
5 61
4 81
1 32
2 7
7 98
6 52
8 8
5 93
2 24
7 87
3 12
6 97
8 69
10 38
6 29
4 47
3 94
3 63
1 4
2 96
2 58
4 53
1 24
8 86
10 79
4 32
10 82
5 50
4 59
10 79
3 13
4 72
3 77
5 44
3 82
5 55
4 26
9 36
2 49
8 98
1 40
3 64
8 6
4 92
9 93
5 77
8 9
3 89
8 73
4 5
9 74
5 54
1 12
10 84
3 26
7 97
10 89
9 24
3 28
8 79
6 11
6 93
2 85
8 100
4 78
3 14
8 29
1 38
4 90
4 98
5 83
5 91
10 100
6 4
8 9
6 6
6 83
4 4
9 58
7 14
7 81
5 55
6 78
5 19
5 91
6 98
9 21
8 23
5 77
3 20
5 80
2 38
7 75
1 40
8 18
3 11
5 33
8 4
9 93
9 81
5 48
9 92
7 23
5 38
1 50
1 36
3 89
1 44
6 10
6 17
9 36
5 34
8 46
5 52
3 62
1 7
6 80
10 40
1 45
1 20
9 81
3 71
1 61
5 94
9 13
3 41
5 25
8 5
9 93
4 45
8 14
10 91
7 7
8 22
9 28
6 53
5 89
4 98
4 31
10 60
10 95
6 66
5 47
3 10
7 77
4 49
2 24
8 87
2 41
9 37
7 51
9 61
10 91
5 77
7 79
3 88
5 36
6 70
5 5
7 70
10 94
3 17
9 13
7 60
7 59
2 38
3 42
6 35
10 98
1 20
10 34
1 24
2 40
2 15
2 83
3 49
1 100
6 21
1 43
7 42
5 28
5 33
5 6
9 36
8 46
8 59
10 63
10 85
2 8
6 18
10 74
9 74
2 52
2 84
4 92
1 64
8 45
2 14
10 94
1 96
8 72
1 77
8 82
10 23
5 67
4 14
2 17
4 15
7 61
1 20
3 16
8 36
3 36
4 92
6 66
1 51
2 2
6 48
8 51
8 30
4 74
7 93
10 29
7 70
10 4
8 91
8 78
3 28
3 55
6 1
3 94
3 37
2 27
5 62
3 75
4 98
4 11
7 29
7 72
5 48
2 84
7 18
9 54
7 53
8 18
10 91
1 63
10 29
5 64
9 96
7 37
9 86
1 60
3 51
6 52
1 25
7 33
9 37
4 36
8 59
6 99
10 67
2 36
4 37
9 27
1 49
10 66
6 32
1 61
10 75
2 89
4 45
10 79
6 71
9 88
2 62
7 4
3 89
2 86
1 43
1 55
3 71
9 65
2 34
4 48
1 1
6 9
5 91
9 75
7 34
7 23
8 49
5 33
3 68
7 32
8 28
2 84
9 32
2 86
4 65
2 19
7 16
8 22
9 49
3 40
1 20
3 65
10 77
4 12
1 34
3 70
8 47
4 79
2 89
2 57
3 32
3 65
5 98
5 47
10 5
10 82
5 46
5 12
3 6
8 99
8 5
3 8
8 90
9 31
10 54
3 19
4 49
7 39
2 37
7 81
5 52
2 42
8 16
4 78
10 100
4 41
5 86
3 67
9 83
3 60
6 55
10 91
3 62
5 56
10 50
5 99
6 18
3 87
5 85
8 22
2 23
2 87
3 33
7 10
5 24
4 47
9 8
9 1
3 56
3 24
6 69
3 21
3 66
9 13
1 99
1 45
6 47
2 40
9 90
9 45
4 75
4 3
2 16
8 58
1 19
3 16
3 81
4 79
3 98
3 77
2 84
5 26
5 75
2 72
2 20
5 97
3 40
1 64
10 68
5 13
4 75
1 62
2 28
9 82
9 84
5 30
9 25
6 25
6 16
2 76
10 73
1 93
6 25
2 30
6 40
2 66
1 83
3 25
4 100
8 85
9 65
6 52
7 22
10 10
5 50
10 78
6 87
5 13
4 72
9 62
9 28
4 58
7 41
9 90
2 78
6 89
6 17
2 83
5 31
7 98
9 93
8 96
6 15
8 46
4 27
6 16
5 80
10 76
5 83
5 43
3 94
1 1
10 87
2 96
6 96
6 48
5 60
10 46
5 68
2 54
3 36
1 6
1 31
2 84
2 10
6 27
8 36
8 13
8 25
4 86
7 8
9 96
2 9
9 3
7 76
8 20
6 84
10 46
3 3
1 94
1 30
10 50
3 7
7 57
10 49
9 46
9 84
8 59
1 30
1 35
2 85
2 97
1 26
3 7
7 70
1 27
2 51
6 45
5 100
7 46
1 16
9 31
8 92
9 96
9 16
5 10
2 1
1 55
7 20
8 93
4 93
10 14
8 20
9 7
10 27
3 35
8 54
9 53
1 52
8 47
9 99
10 53
8 42
3 37
2 92
2 33
3 19
8 36
8 86
5 28
2 20
6 92
6 55
3 92
6 72
1 29
3 79
4 51
8 84
5 68
3 7
3 82
8 50
3 80
1 33
4 61
6 63
3 65
10 86
8 17
4 79
10 37
10 27
3 88
10 89
1 82
6 65
10 29
5 72
8 46
8 85
7 17
5 28
8 11
2 49
2 31
3 86
4 75
4 48
10 9
6 72
10 62
8 70
8 84
5 26
9 46
4 66
3 4
3 38
4 98
3 82
6 58
4 29
4 96
3 55
9 84
7 32
10 97
10 93
7 25
4 4
3 73
6 3
2 95
5 38
5 8
8 26
5 23
10 92
8 63
6 25
7 16
2 90
4 57
10 80
5 88
1 22
5 58
10 62
3 85
7 92
9 31
4 92
6 77
1 15
9 48
8 41
4 98
4 54
10 89
5 41
4 3
9 44
1 17
3 77
6 34
4 84
1 6
9 62
6 64
8 25
5 71
1 58
1 88
8 52
6 53
9 93
8 32
5 89
5 7
4 85
9 30
10 18
4 14
7 54
3 25
1 68
4 97
5 95
8 37
6 95
4 54
1 88
2 94
8 30
3 63
8 94
2 54
6 81
7 14
2 54
4 94
5 42
8 65
9 13
7 26
10 84
4 39
5 49
8 6
9 27
1 1
6 79
5 85
1 86
3 10
10 84
7 70
2 100
5 64
5 40
6 94
1 40
3 36
6 2
10 11
3 92
5 78
1 58
4 60
2 61
6 18
8 41
4 74
7 14
4 57
6 8
8 77
9 32
10 49
3 5
2 49
6 89
5 33
2 77
3 45
2 90
4 35
2 52
9 96
3 75
5 88
4 53
5 7
3 23
7 95
9 27
8 52
3 69
2 46
6 57
7 71
5 41
2 96
1 87
4 15
8 97
5 9
3 10
2 9
2 92
1 70
7 100
8 49
8 74
10 78
4 22
2 91
2 69
10 53
3 44
5 8
4 42
5 21
7 88
3 70
1 2
10 44
5 64
10 63
5 58
9 99
4 95
1 23
7 84
6 35
10 100
10 9
4 95
1 67
10 67
1 38
9 6
6 3
2 90
4 47
5 34
7 28
7 42
5 14
10 48
6 81
9 95
7 21
10 28
9 3
7 59
8 90
10 8
1 42
6 91
10 44
1 65
10 90
4 93
2 4
10 74
2 75
1 9
8 33
3 64
7 62
9 48
10 29
7 36
1 69
4 16
9 30
1 69
6 59
4 85
2 62
8 65
8 82
10 89
4 3
2 81
1 23
1 53
8 23
4 66
2 1
4 10
7 73
7 16
7 18
6 22
6 51
1 43
2 41
6 88
9 46
6 9
8 6
7 68
5 65
6 61
1 69
7 64
7 38
6 31
4 63
7 12
3 63
4 14
1 72
2 63
5 74
4 65
6 15
2 15
7 46
3 75
6 82
2 33
4 16
8 22
9 67
4 34
1 50
7 39
7 72
4 36
4 92
3 85
1 63
1 27
3 46
6 10
10 90
1 76
10 59
6 21
7 49
3 69
1 29
10 66
2 83
5 67
8 35
8 92
4 5
5 67
7 81
4 23
2 27
4 90
7 52
7 76
7 37
7 69
5 39
