500 241
4 59
9 8
5 89
6 96
10 80
4 40
4 6
5 22
3 40
5 87
1 21
10 80
7 67
6 33
9 35
7 56
5 92
3 24
4 71
8 38
8 61
7 88
9 86
7 48
9 37
4 24
7 15
6 67
5 32
2 42
5 8
7 21
8 70
5 91
10 71
3 1
2 49
1 45
1 58
8 42
9 87
3 28
7 68
7 68
3 13
5 58
4 97
5 92
7 42
8 63
5 98
3 57
3 85
5 17
7 54
7 58
3 50
1 12
9 27
6 9
10 81
4 27
6 23
10 59
10 11
7 14
5 75
1 49
9 35
5 94
9 55
10 17
7 79
8 80
9 88
9 83
6 32
9 19
1 88
10 13
9 82
3 5
2 98
7 91
10 29
8 57
5 16
3 47
10 57
9 52
5 87
6 22
7 27
6 88
3 39
3 45
8 14
7 51
8 47
5 29
10 59
8 70
3 37
4 76
2 92
10 100
3 45
4 26
1 89
10 42
6 97
9 88
8 99
8 86
5 79
10 84
3 7
1 85
5 67
4 3
4 93
5 87
4 52
1 98
2 30
7 11
8 32
9 42
5 57
1 64
9 25
3 44
3 23
7 38
10 29
5 62
3 55
9 26
5 51
8 79
10 99
2 42
4 23
6 43
4 33
7 90
9 66
8 1
8 15
9 88
3 59
2 59
9 43
7 49
4 91
4 45
5 99
5 34
4 30
5 98
8 38
2 60
7 24
6 82
9 17
9 80
8 38
5 35
2 75
8 12
10 70
10 76
10 30
2 8
5 54
5 17
3 40
5 86
10 69
9 53
2 95
7 42
4 89
7 33
10 73
3 19
1 27
9 56
7 89
5 40
8 10
8 78
1 72
7 100
5 13
6 80
3 8
2 94
7 84
3 71
3 80
6 97
5 83
4 69
6 31
10 89
7 58
4 98
7 93
7 89
6 46
5 36
2 45
2 71
5 71
4 63
10 5
1 60
8 65
4 70
5 8
8 69
6 35
4 29
3 23
6 58
7 6
5 92
7 85
4 63
2 43
7 99
6 47
2 70
4 17
10 20
2 100
2 78
4 56
8 26
4 78
1 35
4 41
1 94
2 8
5 48
10 71
9 1
5 38
2 84
1 91
2 47
9 16
3 5
6 81
5 15
4 3
7 96
7 73
10 56
5 50
10 87
2 72
5 61
2 35
10 70
3 52
3 15
10 55
1 22
6 15
2 58
6 37
4 41
1 76
7 60
10 48
4 64
4 4
1 45
7 25
9 55
9 43
8 28
9 17
5 53
1 9
4 52
4 13
3 21
2 97
6 92
1 93
1 47
3 9
10 20
6 20
8 16
9 52
4 21
3 95
2 46
1 23
10 33
8 58
1 42
6 29
2 76
9 41
2 59
2 3
5 85
1 64
7 54
6 44
4 71
2 40
9 32
4 29
4 5
6 64
1 94
3 11
1 38
2 13
2 42
5 12
7 49
5 62
8 51
9 30
7 54
8 69
5 96
10 80
9 7
9 79
4 22
3 59
2 73
10 20
8 58
10 46
9 88
2 45
6 11
9 98
8 18
7 56
4 10
3 71
9 52
7 20
1 89
8 65
1 48
5 34
10 88
5 89
6 78
5 5
9 92
5 49
9 15
3 75
1 34
9 75
5 20
7 58
3 49
2 6
7 64
5 92
2 67
10 35
5 38
4 31
10 73
7 26
3 28
6 58
6 76
10 11
7 27
2 29
9 68
7 29
9 25
10 25
6 17
10 94
7 17
4 74
6 49
8 21
8 51
2 31
5 3
8 7
10 61
8 66
10 71
7 31
7 42
10 89
2 44
2 17
5 72
9 78
4 69
5 67
5 42
4 52
9 33
2 75
9 78
5 24
2 70
1 50
4 25
6 5
5 77
8 69
1 93
9 48
3 73
8 43
2 98
1 36
8 100
8 32
4 37
3 91
10 61
7 41
8 56
4 88
1 96
9 25
2 40
6 51
8 80
6 73
9 18
1 96
10 65
1 9
10 67
4 16
1 92
10 65
10 84
10 14
3 1
7 37
3 47
6 51
6 36
5 93
8 4
5 39
9 35
6 50
7 36
8 6
10 66
7 96
10 33
3 51
5 80
6 5
7 80
4 37
1 3
5 84
8 30
1 33
8 76
7 8
6 12
3 69
2 72
1 21
5 91
2 68
3 72
4 38
5 77
10 28
4 62
2 37
3 37
7 74
3 2
10 82
9 67
4 2
6 54
7 4
10 86
