100 61
2 12
9 83
2 40
5 56
5 42
10 61
4 42
4 99
1 73
3 34
2 61
3 72
10 4
8 3
4 82
9 80
8 27
10 33
8 93
4 41
1 38
3 46
4 100
3 71
2 38
10 92
4 22
5 67
3 76
5 8
6 69
2 48
3 71
1 52
1 57
10 96
7 46
2 10
3 43
3 65
8 8
3 100
10 38
9 1
3 78
1 58
6 65
8 13
2 61
6 10
5 59
5 87
1 93
10 19
9 86
10 83
4 48
5 34
5 5
3 74
7 69
2 40
7 6
6 27
9 73
6 30
8 68
3 76
4 65
4 84
2 22
10 59
3 41
4 58
4 94
1 46
6 26
3 21
6 71
3 74
10 70
3 80
4 60
8 25
1 3
2 33
8 46
10 24
1 32
2 16
3 18
2 81
10 56
4 23
2 9
1 2
9 8
5 13
8 82
3 29
